0
Tab
0 0 0 0
0 0 0 2
1 0 0 0
0 0 0 0
Restrictions
2 1 1 1
2 4 1 4
2 2 2 1
4 2 4 3

1
Tab
0 0 0 0
0 0 0 0
0 0 0 0
0 0 0 0
Restrictions
3 4 2 4
3 4 4 4
1 2 1 3
2 1 2 2
2 2 2 3
3 3 3 4

2
Tab
0 0 0 0
0 0 0 0
0 0 0 0
2 0 0 0
Restrictions
3 3 2 3
2 3 2 2
3 2 3 3
4 3 4 2

3
Tab
2 0 0 0
0 0 3 0
0 0 0 0
0 0 0 0
Restrictions
1 3 2 3
4 1 3 1
2 2 2 1
3 3 3 4

4
Tab
0 0 0 0
0 0 0 0
0 0 0 0
0 0 0 0
Restrictions
1 2 2 2
2 4 1 4
4 1 3 1
4 2 3 2
4 3 3 3
3 3 3 2

5
Tab
0 0 0 0
0 0 0 0
0 0 0 0
0 0 0 0
Restrictions
2 2 1 2
3 4 4 4
1 2 1 1
1 4 1 3
4 1 4 2
4 4 4 3

6
Tab
0 0 0 1
0 0 0 3
4 0 0 0
1 0 0 0
Restrictions
3 2 3 3

7
Tab
0 0 0 1
0 0 0 0
0 0 0 0
0 0 0 0
Restrictions
2 1 1 1
2 3 3 3
3 3 4 3
3 4 4 4
4 1 4 2

8
Tab
2 0 0 0
0 0 0 0
0 0 0 0
0 0 0 0
Restrictions
2 1 3 1
2 2 2 1
2 2 2 3
3 3 3 2
4 3 4 2
4 4 4 3

9
Tab
0 0 0 0
0 0 0 2
0 0 0 0
0 0 0 1
Restrictions
2 2 1 2
1 3 2 3
3 2 3 1
4 2 4 1

10
Tab
0 0 3 0
0 0 0 0
0 0 0 0
0 0 0 0
Restrictions
2 3 1 3
2 4 3 4
4 1 3 1
3 4 4 4
1 1 1 2
3 2 3 3

11
Tab
3 0 0 0
0 0 0 0
0 0 0 0
2 0 0 0
Restrictions
2 4 3 4
3 3 4 3
1 2 1 1
2 3 2 2
3 2 3 3

12
Tab
0 0 0 0
0 0 0 0
0 0 0 0
0 0 0 0
Restrictions
3 3 4 3
3 4 4 4
1 2 1 1
2 1 2 2
2 2 2 3
4 1 4 2

13
Tab
3 0 0 0
0 0 0 0
0 0 0 0
0 0 0 0
Restrictions
2 4 3 4
1 2 1 3
2 2 2 1
2 4 2 3
3 4 3 3

14
Tab
0 0 0 0
0 0 0 0
0 0 0 0
3 0 0 0
Restrictions
1 2 2 2
2 1 3 1
3 3 3 4
4 1 4 2
4 3 4 4

15
Tab
0 0 0 0
0 0 0 0
0 0 0 0
0 0 0 0
Restrictions
2 2 3 2
3 3 2 3
4 1 3 1
4 3 3 3
1 2 1 1
1 3 1 2

16
Tab
1 0 0 0 0
0 0 0 0 4
0 0 0 0 0
0 0 0 3 0
0 0 0 0 0
Restrictions
3 2 2 2
3 3 4 3
3 4 4 4
1 4 1 3
5 4 5 3

17
Tab
0 0 0 0 5
0 0 0 0 1
0 0 0 0 0
0 0 0 0 0
0 0 0 0 0
Restrictions
1 3 2 3
1 2 1 3
2 3 2 4
3 5 3 4
4 2 4 1
5 2 5 3
5 5 5 4

18
Tab
0 0 0 0 0
0 0 0 0 0
0 0 0 0 0
0 0 0 0 0
0 0 0 0 3
Restrictions
2 3 1 3
2 4 1 4
2 5 1 5
3 2 2 2
3 3 2 3
1 3 1 2
3 1 3 2
5 3 5 4

19
Tab
3 0 0 0 0
0 0 0 0 0
0 0 0 0 0
0 3 0 1 0
0 0 0 0 0
Restrictions
2 3 1 3
1 4 1 5
4 1 4 2
5 4 5 5

20
Tab
0 0 0 0 0
0 0 0 0 0
3 0 0 0 0
0 0 0 0 0
0 0 0 0 0
Restrictions
1 3 2 3
2 4 3 4
3 5 2 5
3 1 4 1
5 3 4 3
1 5 1 4
3 1 3 2
3 3 3 2
4 3 4 2
5 2 5 3

21
Tab
0 3 4 0 0
0 0 0 0 0
0 0 0 0 0
0 0 0 0 0
0 0 0 0 0
Restrictions
3 4 2 4
4 3 3 3
1 2 1 1
2 1 2 2
4 4 4 3
5 1 5 2
5 4 5 3

22
Tab
0 0 0 0 3
0 0 0 0 0
0 0 0 0 0
0 0 0 0 0
0 0 0 0 0
Restrictions
1 1 2 1
1 3 2 3
3 3 2 3
4 1 3 1
3 4 4 4
2 3 2 4
2 4 2 5

23
Tab
3 0 0 0 0
0 0 0 0 0
0 0 0 0 0
0 3 0 0 0
0 0 0 0 0
Restrictions
1 2 2 2
4 4 3 4
5 1 4 1
4 5 5 5
2 2 2 3
4 1 4 2

24
Tab
0 0 0 3 0
0 0 0 0 0
0 0 0 0 0
0 0 0 0 0
0 0 2 0 0
Restrictions
1 1 2 1
3 1 2 1
3 3 2 3
3 4 2 4
3 3 4 3
1 3 1 4
4 5 4 4
5 4 5 5

25
Tab
0 0 0 0 2
0 3 0 0 0
0 0 0 0 0
0 0 0 0 0
0 0 0 0 0
Restrictions
1 1 2 1
3 1 2 1
3 3 2 3
4 2 3 2
4 4 5 4
1 4 1 5
3 2 3 1

26
Tab
0 0 0 0 4
0 0 0 0 0
0 0 0 0 0
0 0 2 0 0
0 0 0 0 0
Restrictions
1 1 2 1
2 5 1 5
3 1 2 1
4 3 3 3
1 4 1 5
2 1 2 2
2 4 2 5
3 2 3 1
4 2 4 1
4 5 4 4
5 4 5 3

27
Tab
0 0 0 0 0
0 0 0 0 0
0 4 0 0 0
0 0 0 3 0
0 0 0 0 2
Restrictions
1 5 2 5
2 1 3 1
3 1 4 1
3 5 4 5
1 2 1 1
1 5 1 4
2 5 2 4

28
Tab
0 0 0 0 0
0 0 0 0 0
0 0 2 0 0
0 0 0 0 0
4 0 0 0 0
Restrictions
2 1 1 1
4 5 3 5
5 4 4 4
1 3 1 4
3 1 3 2
3 5 3 4
5 2 5 1
5 3 5 2

29
Tab
0 0 0 0 4
0 0 0 0 0
0 0 0 0 0
0 0 0 0 0
0 0 0 0 0
Restrictions
2 2 1 2
3 1 2 1
3 3 2 3
3 3 4 3
3 5 4 5
5 2 4 2
4 5 5 5
2 3 2 4
4 3 4 4

30
Tab
0 0 0 0 0
0 0 0 0 0
0 0 0 0 3
0 0 0 0 5
0 0 0 0 0
Restrictions
2 2 1 2
2 5 1 5
4 1 5 1
1 2 1 1
3 2 3 1
3 2 3 3
3 3 3 4
4 3 4 2
4 3 4 4
5 4 5 3

31
Tab
0 0 0 0 0
0 0 0 0 0
0 0 0 0 0
0 0 0 0 0
0 0 0 0 0
Restrictions
2 1 1 1
3 1 4 1
5 4 4 4
2 2 2 1
2 3 2 2
4 4 4 3
5 2 5 1
5 3 5 2
5 3 5 4

32
Tab
0 0 0 0 0 0
0 0 0 0 0 0
0 0 0 0 0 0
5 0 0 0 0 0
0 0 0 0 0 0
1 5 0 0 0 0
Restrictions
2 1 1 1
2 2 1 2
1 3 2 3
2 6 1 6
2 3 3 3
3 3 4 3
4 4 5 4
5 5 4 5
5 3 6 3
6 5 5 5
6 6 5 6
3 1 3 2
5 4 5 3
6 5 6 6

33
Tab
0 0 0 0 0 0
0 0 0 0 0 0
0 0 2 0 0 0
0 0 0 1 0 0
0 0 0 0 0 0
0 0 0 0 0 4
Restrictions
2 4 3 4
3 6 4 6
4 3 5 3
6 1 5 1
6 5 5 5
1 1 1 2
1 2 1 3
1 3 1 4
2 1 2 2
5 3 5 4
5 5 5 4
6 4 6 5

34
Tab
0 0 0 0 0 0
0 0 0 0 0 4
0 0 0 0 0 0
0 0 0 0 0 0
0 0 0 0 0 0
0 0 0 0 0 0
Restrictions
2 2 1 2
2 4 1 4
1 6 2 6
2 5 3 5
3 2 4 2
3 3 4 3
3 4 4 4
5 6 4 6
5 5 6 5
1 2 1 1
1 5 1 6
2 5 2 6
3 3 3 2
3 3 3 4
4 6 4 5
5 2 5 1
5 2 5 3
5 5 5 4
6 2 6 1
6 3 6 2

35
Tab
0 0 0 0 0 0
2 0 0 0 0 0
0 0 0 0 0 0
0 0 0 0 0 0
0 0 0 0 0 0
0 0 0 0 0 0
Restrictions
1 3 2 3
1 4 2 4
2 1 3 1
3 2 4 2
3 5 4 5
5 6 4 6
1 3 1 2
1 5 1 4
1 6 1 5
2 3 2 2
3 1 3 2
3 4 3 5
3 6 3 5
6 1 6 2

36
Tab
0 0 0 0 0 0
0 0 0 0 0 0
0 0 4 0 0 0
0 0 0 0 0 0
0 0 0 0 0 0
0 5 0 0 0 0
Restrictions
2 1 1 1
2 3 1 3
4 3 3 3
5 5 4 5
4 6 5 6
5 6 6 6
2 2 2 1
3 6 3 5
4 4 4 3
5 2 5 1
5 4 5 3
6 2 6 1

37
Tab
4 0 0 0 0 0
0 4 0 2 0 0
3 0 0 0 0 0
0 0 0 0 0 0
0 0 0 5 0 0
0 0 0 0 0 0
Restrictions
1 4 2 4
2 6 3 6
6 4 5 4
5 5 6 5
1 6 1 5
3 4 3 3
4 3 4 2
5 1 5 2
5 2 5 3
6 5 6 4

38
Tab
5 0 0 0 0 0
0 4 0 0 0 0
0 2 5 0 0 0
0 0 0 0 0 0
0 0 0 0 0 0
1 0 2 0 0 0
Restrictions
1 2 2 2
3 5 4 5
5 2 4 2
5 5 6 5
1 3 1 2
1 5 1 4
4 3 4 4
6 5 6 4

39
Tab
0 0 0 0 0 0
0 0 0 0 0 0
0 0 0 0 0 0
0 0 0 0 0 0
0 0 0 0 0 0
0 0 0 0 0 0
Restrictions
2 3 1 3
1 6 2 6
2 2 3 2
3 3 2 3
2 4 3 4
2 5 3 5
2 6 3 6
3 2 4 2
5 2 4 2
5 4 4 4
4 2 4 1
4 4 4 5
5 3 5 4
6 3 6 2
6 4 6 5

40
Tab
0 0 0 0 0 0
0 0 1 0 0 0
0 0 0 5 0 0
0 0 0 3 0 0
0 0 0 0 0 0
0 0 0 0 0 0
Restrictions
2 1 1 1
1 5 2 5
2 6 3 6
4 1 5 1
4 2 5 2
4 4 5 4
5 2 6 2
6 3 5 3
1 3 1 4
1 6 1 5
3 1 3 2
3 2 3 3
3 4 3 5
6 1 6 2

41
Tab
0 0 0 0 3 5
0 0 0 0 0 0
0 0 0 0 0 0
0 0 0 0 0 0
0 0 0 0 0 0
0 0 0 0 0 0
Restrictions
2 4 1 4
2 6 1 6
3 2 2 2
2 5 3 5
4 4 3 4
4 3 5 3
4 5 5 5
5 3 6 3
5 4 6 4
1 1 1 2
2 2 2 1
2 3 2 4
3 1 3 2
4 6 4 5
6 1 6 2
6 4 6 5

42
Tab
3 0 0 0 0 0
0 0 0 0 0 0
0 0 3 0 0 0
0 0 0 0 0 0
0 0 2 0 0 0
0 0 0 0 0 5
Restrictions
1 3 2 3
1 6 2 6
3 1 4 1
3 4 4 4
3 5 4 5
5 2 4 2
4 3 5 3
6 4 5 4
5 5 6 5
6 6 5 6
1 2 1 1
1 4 1 5

43
Tab
0 0 0 0 0 0
4 0 0 0 0 0
6 0 0 3 0 0
0 0 0 0 0 0
0 0 0 0 2 0
0 0 2 5 0 0
Restrictions
2 1 1 1
4 5 3 5
1 3 1 4
1 4 1 5
2 3 2 2
3 3 3 2
4 2 4 1

44
Tab
0 0 0 0 0 0
0 0 0 0 0 0
0 0 0 0 0 4
0 0 0 0 0 0
0 0 0 0 0 0
0 0 0 0 0 0
Restrictions
2 1 1 1
1 5 2 5
3 1 2 1
2 4 3 4
2 5 3 5
4 5 3 5
5 5 4 5
5 6 4 6
2 1 2 2
2 2 2 3
3 2 3 1
4 2 4 1
4 3 4 2
4 4 4 3
5 2 5 1
5 4 5 3
6 3 6 2
6 3 6 4

45
Tab
6 0 0 2 0 0
0 0 0 0 0 0
0 0 0 0 0 0
0 0 0 0 0 0
0 5 0 0 0 0
0 0 4 0 0 0
Restrictions
1 3 2 3
1 4 2 4
3 2 2 2
4 4 5 4
5 6 4 6
6 1 5 1
1 2 1 3
3 5 3 4
4 3 4 4
5 4 5 3

46
Tab
0 0 0 0 0 0
0 0 0 0 6 0
0 0 0 0 2 0
0 0 0 0 0 0
0 0 0 0 0 0
3 0 0 0 0 0
Restrictions
1 4 2 4
3 1 2 1
2 3 3 3
2 6 3 6
4 4 3 4
5 5 4 5
1 1 1 2
1 6 1 5
2 4 2 3
3 2 3 1
4 1 4 2
4 4 4 5
4 6 4 5
6 1 6 2

47
Tab
0 0 0 0 0 0
0 0 0 0 0 0
0 0 0 0 0 0
0 0 0 0 0 0
5 0 0 0 0 0
0 2 0 0 0 0
Restrictions
2 5 1 5
2 6 1 6
3 6 2 6
3 2 4 2
4 4 3 4
3 5 4 5
5 4 4 4
5 6 4 6
1 5 1 4
2 3 2 4
3 5 3 6
5 3 5 4

48
Tab
0 0 0 0 0 0 0
0 0 0 0 0 1 0
0 0 0 0 0 0 0
0 0 0 0 0 0 4
0 0 0 0 0 0 0
3 0 0 0 0 0 0
0 0 7 0 0 0 3
Restrictions
2 1 1 1
2 3 1 3
2 4 1 4
3 1 4 1
4 3 3 3
4 6 3 6
4 7 3 7
4 5 5 5
6 2 5 2
7 6 6 6
7 7 6 7
1 1 1 2
2 4 2 3
3 3 3 2
3 3 3 4
4 1 4 2
5 6 5 7
7 6 7 5

49
Tab
0 0 0 0 0 0 0
0 0 0 0 0 0 0
0 0 0 0 0 0 0
0 0 0 0 0 0 0
0 0 0 0 0 0 0
0 0 0 0 0 0 0
0 0 0 0 0 3 5
Restrictions
2 4 1 4
3 3 2 3
3 4 2 4
4 4 3 4
4 6 3 6
5 4 4 4
5 5 4 5
6 2 5 2
7 6 6 6
1 2 1 1
1 4 1 3
1 5 1 6
4 5 4 6
5 2 5 3
5 7 5 6
6 2 6 3
7 2 7 1
7 4 7 3
7 5 7 4
7 5 7 6

50
Tab
0 0 0 0 0 0 6
0 0 0 0 0 0 0
0 0 0 0 0 0 0
0 0 0 0 0 0 0
0 0 0 0 0 0 0
0 0 0 0 0 0 3
0 0 0 0 0 0 0
Restrictions
2 6 1 6
2 7 1 7
2 3 3 3
4 1 3 1
4 4 3 4
5 2 4 2
5 1 6 1
6 6 7 6
1 4 1 5
1 6 1 7
2 2 2 3
2 4 2 5
3 1 3 2
3 4 3 3
3 4 3 5
4 2 4 1
4 5 4 4
4 7 4 6
5 3 5 2
6 3 6 2
6 5 6 6
7 2 7 3
7 7 7 6

51
Tab
0 0 0 0 0 0 0
0 6 4 0 0 0 0
0 0 7 0 0 0 0
0 0 0 0 0 0 0
7 0 0 0 0 0 0
0 0 0 0 0 0 0
4 0 0 0 0 0 5
Restrictions
2 5 1 5
3 1 4 1
4 6 3 6
3 7 4 7
5 4 6 4
6 1 7 1
6 2 7 2
6 4 7 4
6 7 7 7
1 2 1 1
2 4 2 5
3 4 3 5
3 6 3 7
5 3 5 4
6 6 6 7
7 2 7 1

52
Tab
0 0 0 0 0 0 0
0 0 0 0 0 0 0
0 0 0 0 0 0 0
0 0 0 0 0 0 0
0 0 0 0 5 0 0
0 0 3 0 0 0 0
0 0 0 0 0 0 0
Restrictions
1 1 2 1
2 7 1 7
2 3 3 3
2 7 3 7
4 4 3 4
4 5 3 5
3 7 4 7
5 3 4 3
5 4 4 4
6 4 5 4
6 7 7 7
1 2 1 1
1 4 1 3
2 1 2 2
2 5 2 6
4 6 4 5
5 1 5 2
5 4 5 3
5 6 5 7
6 2 6 3
6 6 6 7
7 7 7 6

53
Tab
4 0 0 0 0 0 0
0 0 0 4 0 3 0
0 0 0 0 0 0 0
0 0 0 0 0 0 0
0 2 4 0 0 5 0
0 0 0 0 0 0 0
0 0 6 0 0 4 5
Restrictions
3 4 2 4
3 7 2 7
4 1 3 1
4 3 3 3
5 3 4 3
5 7 6 7
1 2 1 1
1 5 1 4
2 4 2 5
3 2 3 1
3 6 3 7
4 4 4 5
6 7 6 6
7 1 7 2
7 2 7 3
7 4 7 5

54
Tab
0 0 0 0 0 0 0
0 0 0 0 0 0 0
6 0 0 0 3 0 0
0 0 0 0 5 0 3
0 0 0 0 6 0 0
0 0 0 0 0 0 0
0 0 0 0 0 0 0
Restrictions
2 4 1 4
1 5 2 5
3 1 2 1
3 7 2 7
4 3 3 3
5 1 4 1
6 2 7 2
7 4 6 4
6 5 7 5
1 6 1 7
2 3 2 4
2 6 2 5
2 7 2 6
3 5 3 4
4 6 4 7
5 1 5 2
5 6 5 7
6 3 6 2
6 6 6 7

55
Tab
0 0 0 0 0 4 0
0 0 0 0 0 0 0
0 0 0 0 0 0 0
0 0 0 0 0 0 0
0 0 0 3 0 0 0
0 0 0 0 0 0 0
0 0 0 0 5 0 0
Restrictions
2 1 1 1
1 4 2 4
3 1 2 1
2 4 3 4
3 5 2 5
3 6 2 6
2 7 3 7
3 1 4 1
4 4 5 4
5 5 4 5
4 6 5 6
6 5 5 5
6 6 5 6
1 6 1 5
2 4 2 3
2 6 2 7
3 3 3 2
3 6 3 5
4 7 4 6
5 3 5 4
5 6 5 7
6 6 6 7
7 2 7 1
7 3 7 4
7 4 7 5

56
Tab
0 0 0 0 0 0 0
0 0 0 0 0 0 0
0 0 6 0 0 0 0
0 0 0 0 0 0 0
7 5 0 0 1 0 0
0 0 0 0 0 0 4
0 0 0 0 0 0 3
Restrictions
2 1 3 1
3 2 4 2
4 3 3 3
3 7 4 7
4 6 5 6
6 6 5 6
6 1 7 1
1 2 1 1
1 3 1 2
1 6 1 7
3 5 3 6
3 6 3 7
4 2 4 3
4 5 4 6
5 3 5 4
6 3 6 2
7 1 7 2
7 7 7 6

57
Tab
0 0 0 0 0 0 0
0 0 0 2 0 0 1
1 0 0 7 4 0 0
4 0 0 0 0 0 6
3 0 0 0 0 0 0
0 0 0 0 0 0 0
5 0 0 0 0 0 0
Restrictions
1 5 2 5
1 6 2 6
2 3 3 3
4 5 5 5
4 6 5 6
5 7 4 7
5 1 6 1
6 4 5 4
5 6 6 6
6 7 5 7
6 7 7 7
2 2 2 3
3 6 3 7
4 2 4 1
5 5 5 6
7 2 7 1
7 6 7 7

58
Tab
0 0 0 0 0 4 0
0 0 0 0 0 0 0
0 0 0 2 0 6 0
0 0 0 0 0 0 0
0 0 0 0 0 0 0
0 0 0 0 0 0 0
0 0 0 0 0 0 0
Restrictions
2 4 1 4
2 1 3 1
2 2 3 2
3 6 2 6
3 3 4 3
4 5 3 5
5 1 4 1
5 7 4 7
5 1 6 1
5 3 6 3
7 2 6 2
7 5 6 5
1 4 1 5
1 6 1 7
2 4 2 3
3 4 3 3
4 3 4 4
5 5 5 6
6 7 6 6
7 7 7 6

59
Tab
0 0 0 0 0 0 0
2 0 0 0 0 0 0
0 0 0 0 0 0 0
0 6 2 0 0 0 0
0 5 0 0 0 0 0
3 0 0 0 0 6 0
7 3 0 0 0 0 0
Restrictions
1 1 2 1
1 5 2 5
4 1 5 1
6 3 7 3
1 3 1 4
2 1 2 2
3 4 3 5
3 6 3 5
4 6 4 7
5 2 5 3
6 2 6 1
6 4 6 3
6 5 6 4
7 4 7 5
7 5 7 6
7 6 7 7

60
Tab
7 0 0 0 0 0 0
0 0 0 0 0 0 0
0 0 0 0 0 0 0
0 0 0 0 0 0 0
0 0 0 0 0 4 0
0 0 0 0 0 2 0
0 0 0 0 3 7 1
Restrictions
1 4 2 4
3 4 2 4
3 6 4 6
5 5 4 5
6 4 7 4
1 2 1 3
1 3 1 4
1 5 1 6
1 6 1 7
2 3 2 2
2 4 2 5
3 5 3 4
4 2 4 1
5 7 5 6
6 3 6 4
7 4 7 3

61
Tab
2 0 0 0 0 0 0
0 0 0 0 0 0 0
0 0 0 0 0 7 0
0 6 0 0 0 0 0
0 0 0 0 0 0 0
0 0 0 0 0 0 0
0 0 0 0 0 0 0
Restrictions
1 2 2 2
3 3 2 3
3 5 2 5
3 7 2 7
3 1 4 1
5 1 4 1
6 1 5 1
6 2 5 2
7 4 6 4
7 6 6 6
1 1 1 2
1 7 1 6
2 3 2 4
4 1 4 2
4 6 4 5
5 2 5 1
5 2 5 3
5 3 5 4
5 6 5 7
6 4 6 3
6 4 6 5
7 6 7 5

62
Tab
0 0 2 0 0 0 0
0 0 0 0 0 0 0
0 0 0 0 0 0 0
0 0 0 0 0 0 0
0 0 0 0 0 0 0
0 0 0 0 0 0 0
0 0 0 0 0 0 5
Restrictions
1 2 2 2
2 4 1 4
1 6 2 6
2 2 3 2
3 7 2 7
4 2 3 2
4 4 3 4
4 3 5 3
5 1 6 1
6 4 5 4
6 1 7 1
6 2 7 2
1 5 1 6
2 6 2 5
3 2 3 3
3 4 3 3
3 6 3 5
4 6 4 7
5 3 5 2
6 2 6 1
6 3 6 2
6 5 6 4
6 6 6 7
7 4 7 5

63
Tab
0 0 0 0 0 0 0
0 0 0 0 0 0 0
3 0 0 0 0 0 0
0 0 0 0 0 0 0
0 0 0 0 0 0 0
0 6 0 0 0 5 0
6 0 0 0 0 0 0
Restrictions
3 1 2 1
3 3 2 3
3 4 2 4
2 7 3 7
3 6 4 6
5 2 4 2
4 3 5 3
6 1 5 1
6 7 5 7
6 3 7 3
6 7 7 7
1 2 1 3
1 6 1 5
1 7 1 6
2 1 2 2
2 5 2 6
2 6 2 7
4 2 4 1
4 2 4 3
4 6 4 7
7 3 7 4
7 5 7 6

64
Tab
7 0 1 4 0 0 0 0
0 2 0 0 0 0 0 0
0 0 0 0 0 0 0 0
0 0 0 0 0 0 0 0
0 0 4 0 0 0 0 0
0 0 0 3 0 0 0 0
0 0 0 5 0 0 0 1
0 0 0 0 0 0 0 0
Restrictions
2 8 1 8
2 6 3 6
3 8 2 8
4 2 5 2
4 8 5 8
5 3 6 3
7 5 6 5
8 4 7 4
8 5 7 5
1 1 1 2
1 4 1 5
2 3 2 4
3 3 3 2
3 5 3 6
3 6 3 7
4 3 4 2
4 4 4 3
5 4 5 5
5 8 5 7
6 8 6 7
7 1 7 2

65
Tab
0 0 0 0 0 0 0 0
0 0 0 0 0 0 0 0
0 0 0 0 0 0 0 0
0 0 0 0 0 0 0 3
0 0 0 0 0 0 0 0
0 0 6 0 0 0 0 0
0 0 0 0 0 0 0 5
0 0 0 0 0 0 0 0
Restrictions
2 1 1 1
1 2 2 2
3 1 2 1
3 4 2 4
3 6 2 6
3 4 4 4
4 4 5 4
5 6 4 6
6 3 5 3
5 5 6 5
6 6 5 6
6 7 5 7
5 8 6 8
7 1 8 1
8 2 7 2
7 4 8 4
8 7 7 7
1 2 1 3
1 4 1 3
1 7 1 8
2 4 2 5
2 6 2 7
3 2 3 3
3 5 3 6
5 2 5 1
5 7 5 8
6 3 6 2
6 4 6 5
7 2 7 3
8 1 8 2
8 4 8 3

66
Tab
7 0 0 0 0 0 0 0
0 0 0 0 0 0 0 0
0 0 0 0 0 0 0 0
0 0 0 0 2 0 1 8
0 0 0 0 0 0 0 0
0 0 0 0 0 0 4 0
0 2 0 0 0 0 0 0
0 0 0 0 0 0 0 0
Restrictions
2 1 1 1
2 8 1 8
3 1 2 1
2 2 3 2
3 5 2 5
2 7 3 7
3 8 2 8
4 1 3 1
3 2 4 2
4 1 5 1
4 4 5 4
6 2 5 2
6 8 5 8
7 4 6 4
7 7 6 7
7 8 6 8
8 7 7 7
1 8 1 7
5 7 5 6
6 4 6 5
6 6 6 5
6 8 6 7
8 3 8 2
8 4 8 5
8 5 8 6

67
Tab
0 0 0 0 0 0 0 0
0 0 4 0 0 6 0 0
0 0 0 0 0 0 0 0
0 0 0 6 0 0 0 0
0 7 0 2 0 0 0 0
0 0 0 0 0 0 0 0
0 0 6 0 0 0 0 0
7 6 0 4 0 0 0 0
Restrictions
2 2 1 2
1 4 2 4
2 2 3 2
3 3 2 3
2 5 3 5
3 7 2 7
4 3 3 3
3 4 4 4
4 1 5 1
4 6 5 6
4 8 5 8
6 4 5 4
5 5 6 5
6 1 7 1
6 8 7 8
7 1 8 1
8 5 7 5
8 6 7 6
1 1 1 2
1 2 1 3
1 7 1 8
2 2 2 1
4 2 4 3
5 1 5 2
5 6 5 5
7 5 7 4
8 2 8 3
8 5 8 4
8 6 8 5
8 8 8 7

68
Tab
0 0 0 0 0 0 0 0
0 0 0 0 0 0 8 0
0 0 0 0 0 0 3 0
0 0 0 0 0 0 0 0
0 0 0 0 0 0 0 7
0 0 0 0 0 0 0 0
0 0 0 0 0 0 0 0
0 0 0 0 0 5 0 0
Restrictions
1 3 2 3
1 4 2 4
1 6 2 6
2 1 3 1
2 6 3 6
4 7 5 7
6 3 5 3
5 7 6 7
6 2 7 2
6 5 7 5
6 6 7 6
7 1 8 1
7 3 8 3
7 4 8 4
1 5 1 6
3 3 3 2
3 4 3 3
3 4 3 5
3 7 3 8
4 2 4 3
4 3 4 4
4 4 4 5
4 8 4 7
5 3 5 2
5 7 5 6
6 2 6 3
7 2 7 1
7 2 7 3
7 6 7 7

69
Tab
0 0 0 0 0 4 0 7
0 0 0 0 0 0 0 4
0 0 0 0 4 0 8 0
0 0 0 0 8 0 0 0
0 0 0 0 0 0 0 0
0 0 0 0 0 0 0 0
0 0 0 0 0 0 0 0
0 0 0 0 0 0 0 0
Restrictions
1 7 2 7
3 6 2 6
3 3 4 3
3 4 4 4
5 1 4 1
6 1 5 1
5 8 6 8
7 1 6 1
6 8 7 8
7 5 8 5
7 7 8 7
1 1 1 2
1 4 1 5
1 5 1 6
2 2 2 1
2 4 2 5
2 7 2 8
4 1 4 2
4 7 4 6
4 8 4 7
5 6 5 5
6 3 6 2
6 4 6 3
6 6 6 5
7 4 7 3
8 7 8 8

70
Tab
0 0 3 7 0 0 0 0
0 0 0 2 0 0 0 0
0 0 6 0 0 0 0 0
0 0 0 0 0 0 0 0
2 0 0 0 3 0 0 0
0 0 0 1 0 0 0 0
0 0 0 0 0 0 0 6
0 0 0 0 0 0 0 0
Restrictions
1 2 2 2
2 6 1 6
2 7 1 7
3 1 2 1
2 7 3 7
4 4 3 4
4 3 5 3
5 7 4 7
6 6 5 6
6 8 5 8
7 6 6 6
7 8 6 8
1 3 1 2
1 5 1 4
1 6 1 5
2 1 2 2
2 2 2 3
2 5 2 6
2 6 2 7
2 7 2 8
3 4 3 3
5 2 5 3
7 5 7 6
7 6 7 7

71
Tab
0 1 0 0 0 0 0 0
0 0 0 0 0 0 0 0
0 0 0 0 0 0 0 0
0 7 0 0 0 2 0 0
0 0 0 0 7 0 0 0
0 0 0 0 0 0 0 0
0 0 0 0 0 0 5 0
0 5 8 0 0 6 2 0
Restrictions
1 4 2 4
1 7 2 7
3 1 2 1
3 6 2 6
4 3 5 3
4 5 5 5
4 6 5 6
4 8 5 8
6 1 5 1
6 7 5 7
5 8 6 8
7 7 6 7
6 8 7 8
8 4 7 4
8 6 7 6
2 4 2 5
3 2 3 1
3 3 3 2
3 6 3 7
7 2 7 1
8 4 8 5
8 7 8 8

72
Tab
0 0 0 6 0 0 0 0
0 0 0 0 0 0 0 0
0 0 0 0 0 0 0 5
0 0 0 0 0 0 0 0
0 0 0 0 0 0 0 0
0 0 6 0 0 0 0 0
0 0 0 0 0 0 0 0
0 0 0 0 3 0 0 0
Restrictions
1 5 2 5
2 6 1 6
2 8 1 8
3 2 2 2
2 4 3 4
2 7 3 7
3 8 2 8
4 5 3 5
4 2 5 2
4 4 5 4
5 5 4 5
5 7 4 7
6 5 5 5
6 6 5 6
5 7 6 7
7 1 6 1
7 2 6 2
7 4 6 4
8 1 7 1
1 1 1 2
1 2 1 3
1 4 1 5
3 3 3 2
3 4 3 3
4 3 4 4
5 2 5 1
5 6 5 7
5 7 5 8
7 6 7 5
8 1 8 2

73
Tab
0 0 0 0 0 0 0 0
0 0 0 0 0 0 0 0
0 0 0 0 5 0 0 0
0 6 0 0 0 0 0 0
0 0 0 0 0 0 0 0
0 0 0 0 0 0 0 0
0 0 0 0 0 0 0 0
0 0 0 3 0 0 0 0
Restrictions
2 1 1 1
1 4 2 4
2 7 1 7
2 5 3 5
3 6 2 6
3 7 2 7
4 4 3 4
5 1 4 1
5 5 4 5
5 8 4 8
5 3 6 3
6 4 5 4
6 6 5 6
6 5 7 5
8 2 7 2
1 3 1 2
1 8 1 7
3 1 3 2
3 4 3 3
3 4 3 5
3 5 3 6
4 6 4 7
4 8 4 7
5 2 5 3
5 4 5 3
5 6 5 5
6 1 6 2
6 7 6 8
7 5 7 6
7 7 7 8
8 1 8 2
8 5 8 4
8 6 8 7
8 8 8 7

74
Tab
4 0 0 0 0 0 0 0
0 0 0 0 0 0 0 0
0 0 0 0 0 0 0 0
6 0 0 0 0 0 7 0
0 0 0 0 0 0 0 0
0 0 0 3 0 5 0 0
0 2 0 0 0 0 4 0
0 0 0 0 0 0 0 4
Restrictions
4 3 3 3
3 7 4 7
5 4 4 4
5 5 4 5
5 1 6 1
6 2 5 2
5 3 6 3
6 1 7 1
7 2 6 2
7 5 6 5
7 1 8 1
1 1 1 2
2 6 2 5
2 7 2 6
3 1 3 2
3 3 3 2
3 6 3 5
3 8 3 7
6 5 6 6
6 8 6 7
7 3 7 4
7 6 7 5
8 2 8 1
8 3 8 2
8 4 8 3
8 6 8 5

75
Tab
0 0 0 3 0 0 0 0
0 0 0 0 0 0 0 0
0 0 0 0 0 0 0 0
0 0 0 0 0 0 0 0
0 0 0 0 0 0 0 0
0 0 0 0 0 0 0 0
0 0 0 0 0 0 0 0
0 3 0 0 0 0 0 0
Restrictions
2 1 1 1
1 4 2 4
1 5 2 5
2 2 3 2
2 3 3 3
2 4 3 4
3 6 2 6
4 5 3 5
4 7 3 7
5 1 4 1
5 7 4 7
5 8 4 8
5 4 6 4
5 8 6 8
7 2 6 2
6 7 7 7
6 8 7 8
8 1 7 1
8 4 7 4
1 6 1 5
2 2 2 1
2 6 2 7
2 7 2 8
3 2 3 1
4 4 4 3
5 2 5 1
5 2 5 3
5 6 5 7
7 4 7 3
8 2 8 1
8 2 8 3
8 5 8 4
8 6 8 7

76
Tab
0 0 0 0 0 0 3 0
0 0 0 0 0 0 0 0
0 0 0 0 0 0 0 0
0 0 0 0 0 0 0 0
0 0 0 0 0 0 0 0
0 0 5 0 0 0 0 0
0 0 0 0 0 0 0 0
0 0 0 0 0 0 0 0
Restrictions
1 2 2 2
2 6 1 6
2 2 3 2
3 2 4 2
3 3 4 3
4 5 3 5
5 1 4 1
5 3 4 3
4 4 5 4
4 6 5 6
5 7 4 7
5 5 6 5
5 8 6 8
7 7 6 7
8 1 7 1
7 2 8 2
8 6 7 6
8 7 7 7
2 4 2 5
2 5 2 6
3 1 3 2
3 5 3 6
3 7 3 6
4 3 4 4
4 7 4 6
6 1 6 2
7 1 7 2
7 5 7 4
7 6 7 5
8 3 8 2
8 5 8 6

77
Tab
0 0 0 0 0 0 0 0
0 0 0 0 0 0 0 0
0 0 0 0 0 0 0 0
0 0 0 0 0 0 0 0
0 0 0 0 0 0 0 0
0 0 0 0 0 0 0 0
0 0 0 0 7 0 0 0
0 0 0 0 0 0 0 0
Restrictions
2 1 1 1
1 4 2 4
2 5 1 5
2 4 3 4
2 5 3 5
3 8 2 8
4 1 3 1
4 2 3 2
4 3 3 3
3 5 4 5
4 8 3 8
4 2 5 2
5 4 4 4
5 7 4 7
5 4 6 4
5 5 6 5
5 6 6 6
6 8 5 8
6 4 7 4
8 2 7 2
7 3 8 3
7 4 8 4
7 7 8 7
1 1 1 2
1 6 1 5
1 7 1 8
2 2 2 3
2 6 2 5
2 8 2 7
3 6 3 7
6 1 6 2
6 2 6 3
7 4 7 3
7 6 7 5
7 8 7 7
8 1 8 2
8 6 8 5
8 7 8 8

78
Tab
0 0 0 0 0 0 0 0
3 0 0 0 0 0 0 0
0 0 0 0 0 0 0 0
0 0 0 0 0 0 0 0
0 0 7 0 0 0 0 0
0 0 0 0 0 3 0 0
0 0 0 0 0 0 0 0
0 0 0 0 0 0 0 0
Restrictions
1 4 2 4
2 8 1 8
2 3 3 3
3 8 2 8
4 2 3 2
3 3 4 3
4 7 3 7
4 8 3 8
4 3 5 3
5 4 4 4
5 1 6 1
6 8 5 8
6 1 7 1
6 3 7 3
7 8 6 8
7 1 8 1
8 8 7 8
1 1 1 2
1 5 1 4
2 4 2 5
3 6 3 5
3 7 3 6
4 1 4 2
4 4 4 3
4 5 4 6
5 5 5 4
5 8 5 7
6 2 6 3
7 1 7 2
7 3 7 4
7 5 7 6

79
Tab
0 3 0 0 0 0 0 7
0 0 0 0 5 0 0 0
0 0 0 5 0 0 0 0
0 0 0 0 0 0 0 0
0 0 0 0 0 0 0 0
0 0 0 0 0 0 0 0
0 0 0 0 0 0 8 2
0 0 0 0 0 2 0 0
Restrictions
2 3 1 3
1 6 2 6
1 8 2 8
2 1 3 1
2 7 3 7
3 6 4 6
3 8 4 8
4 4 5 4
5 4 6 4
6 5 5 5
6 6 5 6
6 8 5 8
7 3 6 3
8 2 7 2
7 5 8 5
1 4 1 5
1 5 1 6
2 2 2 1
2 4 2 5
3 5 3 6
4 3 4 2
4 6 4 5
4 7 4 6
6 2 6 1
6 7 6 6
6 7 6 8
7 1 7 2
7 3 7 2
7 4 7 3
7 5 7 4
8 1 8 2
8 3 8 4
8 5 8 4

80
Tab
7 0 0 0 0 0 0 0 0
0 6 0 0 2 0 0 0 0
1 0 0 0 0 0 0 0 0
0 0 7 0 0 0 0 0 0
4 0 0 0 0 0 0 0 0
6 0 0 0 0 2 0 0 0
0 0 0 0 0 0 0 0 0
0 0 0 0 0 0 0 0 0
0 0 0 0 0 0 0 0 0
Restrictions
2 9 1 9
3 3 2 3
2 9 3 9
4 5 3 5
4 6 3 6
5 1 4 1
4 3 5 3
5 5 4 5
5 6 4 6
4 9 5 9
5 2 6 2
6 7 5 7
6 7 7 7
8 5 7 5
8 6 7 6
8 1 9 1
9 2 8 2
9 3 8 3
9 5 8 5
9 6 8 6
1 3 1 2
1 5 1 4
1 6 1 5
1 6 1 7
2 6 2 5
2 7 2 8
3 3 3 4
3 5 3 6
4 5 4 4
4 7 4 8
5 1 5 2
5 7 5 8
6 3 6 4
6 5 6 6
6 7 6 8
6 8 6 9
7 3 7 2
7 9 7 8
8 2 8 1
9 5 9 4
9 9 9 8

81
Tab
0 0 0 6 9 0 7 0 5
0 0 0 0 6 2 0 7 0
0 0 0 5 0 0 3 0 0
0 0 0 0 0 0 0 0 0
0 0 0 0 0 7 0 4 0
0 0 0 0 0 0 0 0 0
0 0 0 0 0 0 0 0 0
0 0 0 0 0 0 0 0 0
0 0 0 2 0 0 0 5 0
Restrictions
2 4 1 4
1 6 2 6
1 8 2 8
2 9 1 9
3 7 4 7
3 8 4 8
3 9 4 9
5 4 4 4
5 7 6 7
7 1 6 1
6 3 7 3
8 7 7 7
8 8 7 8
9 2 8 2
1 3 1 2
2 1 2 2
2 7 2 8
3 2 3 1
3 3 3 4
3 5 3 6
4 7 4 6
5 1 5 2
5 3 5 4
5 5 5 6
5 9 5 8
6 4 6 3
6 5 6 4
6 7 6 6
7 8 7 9
8 2 8 3
8 5 8 6
9 7 9 8
9 9 9 8

82
Tab
0 0 0 0 0 0 0 0 0
0 0 0 0 0 0 0 0 0
5 0 0 0 0 0 0 0 0
0 0 0 0 0 0 0 0 0
0 0 0 0 0 0 8 0 0
0 0 0 0 0 0 0 0 0
0 0 0 0 0 0 0 0 0
0 0 0 0 0 0 0 0 8
0 0 0 0 0 0 0 0 0
Restrictions
2 2 1 2
1 7 2 7
2 9 1 9
2 1 3 1
2 3 3 3
2 7 3 7
4 2 3 2
4 6 3 6
5 1 4 1
4 4 5 4
5 6 4 6
6 5 5 5
6 8 5 8
6 2 7 2
8 1 7 1
8 3 7 3
8 4 7 4
8 9 7 9
9 5 8 5
8 7 9 7
1 2 1 3
1 4 1 3
1 5 1 4
1 6 1 7
1 8 1 9
2 2 2 3
2 4 2 3
3 5 3 4
5 2 5 1
5 4 5 3
5 5 5 6
6 3 6 2
6 4 6 3
7 1 7 2
7 5 7 4
7 8 7 7
8 2 8 3
8 3 8 4
8 5 8 6
8 8 8 7
9 1 9 2
9 2 9 3

83
Tab
0 5 0 0 0 0 0 0 0
0 8 0 0 0 0 0 0 0
8 0 0 0 0 0 0 0 0
0 0 0 5 4 7 1 0 0
0 0 0 0 8 1 0 0 0
0 0 0 0 0 0 0 0 0
0 0 0 0 1 0 0 0 0
2 3 0 0 0 8 0 0 0
0 0 0 0 6 2 0 3 0
Restrictions
1 7 2 7
2 7 3 7
3 1 4 1
4 2 5 2
6 4 7 4
6 6 7 6
7 6 8 6
8 7 7 7
8 1 9 1
8 5 9 5
8 8 9 8
8 9 9 9
1 8 1 7
2 2 2 3
2 6 2 7
3 1 3 2
3 4 3 3
3 6 3 5
3 8 3 9
5 2 5 3
9 1 9 2

84
Tab
1 0 0 8 0 0 7 4 0
0 0 0 0 0 0 0 0 0
0 0 0 0 0 0 0 0 0
0 9 0 3 0 0 0 0 0
0 0 0 0 0 0 1 3 0
0 0 0 0 3 0 4 0 0
0 0 0 0 0 0 0 0 0
0 0 0 5 0 0 0 0 0
0 4 0 0 0 0 5 0 0
Restrictions
2 4 1 4
2 5 1 5
3 3 2 3
2 9 3 9
3 1 4 1
4 1 5 1
5 1 6 1
6 9 5 9
7 2 6 2
7 1 8 1
8 1 9 1
8 8 9 8
2 3 2 2
2 3 2 4
2 8 2 7
4 5 4 4
5 2 5 3
5 3 5 4
5 4 5 5
5 6 5 5
7 3 7 4
7 4 7 5
7 8 7 7
8 3 8 4
9 4 9 3
9 5 9 4
9 6 9 5
9 8 9 9

85
Tab
4 0 0 0 3 0 7 0 0
0 0 1 8 0 0 0 0 0
0 0 0 0 0 0 5 0 0
0 0 0 0 0 0 0 0 0
0 0 0 0 6 0 2 0 0
0 0 0 5 0 0 8 0 0
0 0 0 0 0 0 0 0 0
0 0 0 0 0 0 0 6 0
0 0 0 0 0 0 0 0 0
Restrictions
1 6 2 6
2 8 1 8
2 2 3 2
3 4 2 4
2 9 3 9
4 8 3 8
5 2 4 2
4 4 5 4
5 3 6 3
5 4 6 4
6 6 5 6
7 1 8 1
7 7 8 7
8 1 9 1
9 9 8 9
1 2 1 1
1 4 1 5
1 5 1 6
1 8 1 7
2 6 2 5
2 7 2 8
3 2 3 1
3 2 3 3
3 6 3 5
6 2 6 1
6 5 6 6
6 8 6 9
7 2 7 3
8 5 8 4
8 6 8 7
8 7 8 8
9 2 9 1
9 4 9 5
9 6 9 5
9 7 9 8

86
Tab
0 4 0 0 0 0 7 3 0
0 0 0 0 0 0 0 0 0
0 0 0 0 6 0 0 0 0
0 0 0 6 0 0 0 0 0
0 0 0 0 0 0 0 0 2
0 0 0 0 0 0 0 0 5
0 0 0 0 0 0 0 0 0
0 0 0 0 0 0 0 0 0
0 0 0 0 0 0 0 0 0
Restrictions
1 7 2 7
1 8 2 8
2 6 3 6
3 5 4 5
4 9 3 9
5 8 4 8
5 9 4 9
6 3 5 3
5 6 6 6
6 4 7 4
6 6 7 6
6 7 7 7
7 8 6 8
6 9 7 9
8 1 7 1
9 3 8 3
1 3 1 2
1 8 1 9
2 3 2 2
2 3 2 4
2 4 2 5
2 8 2 9
3 5 3 4
3 6 3 7
3 8 3 9
4 2 4 1
4 3 4 2
4 7 4 6
5 3 5 2
5 4 5 5
5 8 5 7
6 6 6 5
7 3 7 2
7 4 7 5
7 9 7 8
8 3 8 2
8 5 8 4
8 6 8 5
8 6 8 7
9 4 9 3
9 8 9 9

87
Tab
0 0 0 0 0 0 0 0 0
0 0 0 6 0 0 0 0 0
0 0 0 0 0 0 0 0 0
0 0 0 0 0 0 0 0 0
0 0 0 0 0 0 0 0 0
0 0 0 5 0 0 0 0 0
0 0 0 0 0 0 0 0 8
0 0 5 0 0 0 0 0 3
4 0 0 7 0 0 0 0 0
Restrictions
2 6 1 6
2 9 1 9
3 5 2 5
3 1 4 1
3 3 4 3
3 5 4 5
4 6 3 6
4 8 3 8
4 1 5 1
5 2 4 2
4 4 5 4
5 8 4 8
4 9 5 9
5 1 6 1
6 8 5 8
6 1 7 1
6 2 7 2
7 3 6 3
6 7 7 7
7 5 8 5
8 6 7 6
7 8 8 8
8 2 9 2
8 9 9 9
1 2 1 1
1 3 1 2
1 4 1 5
1 9 1 8
2 1 2 2
2 2 2 3
2 6 2 7
2 8 2 9
3 5 3 4
3 6 3 7
4 7 4 6
4 8 4 9
5 4 5 3
5 4 5 5
5 8 5 7
6 8 6 9
7 2 7 3
7 4 7 5
8 3 8 4
9 6 9 5

88
Tab
0 0 4 0 0 7 0 0 0
0 2 0 5 0 0 0 0 0
0 0 0 0 0 0 0 0 0
0 0 0 0 0 0 0 0 0
0 0 0 0 6 0 0 0 3
0 0 0 0 0 0 0 0 7
0 0 0 0 2 0 0 0 4
0 0 5 2 7 0 0 0 0
0 0 0 0 0 0 0 0 8
Restrictions
2 2 1 2
3 4 2 4
3 1 4 1
4 3 3 3
3 7 4 7
6 3 5 3
5 6 6 6
6 7 5 7
6 8 5 8
7 3 6 3
7 7 6 7
7 6 8 6
9 8 8 8
1 2 1 1
1 4 1 5
1 6 1 7
1 7 1 8
2 3 2 2
2 4 2 5
3 6 3 7
5 4 5 5
6 6 6 5
6 7 6 8
7 1 7 2
7 4 7 3
7 9 7 8
8 1 8 2
8 6 8 5
9 1 9 2

89
Tab
0 0 0 0 0 0 7 0 2
0 0 0 3 0 0 0 0 0
0 0 9 7 0 0 0 0 0
0 0 0 0 0 0 0 0 0
0 0 0 0 0 0 0 0 0
0 0 0 0 0 0 0 0 0
0 0 0 0 7 0 0 0 6
0 0 0 0 0 7 0 0 0
0 0 0 0 0 5 0 0 3
Restrictions
1 1 2 1
1 4 2 4
2 1 3 1
4 1 3 1
4 2 3 2
4 4 3 4
3 6 4 6
4 9 3 9
5 4 4 4
4 6 5 6
4 7 5 7
5 3 6 3
6 4 5 4
6 5 5 5
7 4 6 4
6 6 7 6
7 5 8 5
7 6 8 6
7 8 8 8
9 4 8 4
8 9 9 9
1 7 1 8
2 4 2 3
2 6 2 5
2 7 2 8
3 5 3 6
3 9 3 8
5 6 5 7
7 7 7 8
9 2 9 3
9 6 9 7

90
Tab
0 0 8 0 0 0 0 0 5
0 8 0 0 0 0 4 0 7
0 0 0 0 0 0 0 0 0
6 2 0 0 0 1 9 0 0
0 4 2 0 0 6 0 0 0
0 0 0 0 0 0 0 0 3
0 0 4 0 0 0 0 0 0
0 0 0 0 0 0 0 1 0
0 0 0 0 0 0 0 0 0
Restrictions
2 7 1 7
2 3 3 3
3 9 2 9
3 3 4 3
4 8 3 8
5 5 4 5
4 8 5 8
5 1 6 1
5 6 6 6
6 1 7 1
7 4 6 4
6 8 7 8
7 9 6 9
7 5 8 5
9 7 8 7
8 9 9 9
1 3 1 2
1 7 1 8
2 6 2 7
3 2 3 3
3 8 3 7
4 9 4 8
5 6 5 5
5 8 5 9
6 2 6 3
6 9 6 8
7 1 7 2
8 5 8 6
9 7 9 6
9 8 9 7

91
Tab
3 0 6 0 1 0 0 0 7
0 0 0 0 8 1 0 4 2
0 0 0 0 5 0 7 0 0
0 0 0 5 3 6 0 1 0
0 0 0 0 0 0 0 0 6
0 0 0 0 0 2 0 0 0
0 0 0 1 0 0 3 0 5
0 0 0 0 0 0 0 0 0
0 0 0 0 0 0 0 0 0
Restrictions
1 4 2 4
3 7 2 7
3 8 2 8
4 6 3 6
4 9 3 9
5 5 4 5
5 6 4 6
5 9 4 9
6 5 7 5
6 8 7 8
7 2 8 2
8 6 7 6
8 7 7 7
9 6 8 6
1 7 1 6
2 4 2 3
3 4 3 3
5 1 5 2
5 8 5 9
7 5 7 6
8 5 8 6
9 8 9 9

92
Tab
2 0 0 0 0 0 0 0 0
0 0 0 0 0 0 0 0 0
0 0 0 0 0 0 5 6 0
0 0 0 0 0 7 0 0 3
0 0 0 0 0 0 0 0 0
0 0 0 0 0 0 0 0 0
0 0 0 0 3 0 0 0 0
0 0 0 0 0 0 0 0 0
0 0 9 0 0 0 0 0 0
Restrictions
1 4 2 4
2 5 1 5
2 9 1 9
2 2 3 2
3 7 2 7
4 1 3 1
4 4 3 4
3 7 4 7
4 9 3 9
5 1 4 1
4 2 5 2
4 6 5 6
4 9 5 9
6 3 5 3
5 7 6 7
7 3 6 3
6 4 7 4
7 5 6 5
6 6 7 6
7 9 6 9
8 1 7 1
7 7 8 7
8 9 7 9
9 1 8 1
9 2 8 2
9 4 8 4
8 5 9 5
1 9 1 8
2 2 2 1
2 4 2 3
2 7 2 6
3 4 3 5
4 2 4 3
4 6 4 5
4 8 4 9
5 9 5 8
7 6 7 5
7 6 7 7
7 8 7 9
8 4 8 5
8 8 8 9
9 7 9 8

93
Tab
5 0 0 0 0 0 0 0 0
0 0 0 0 0 0 0 0 0
0 0 0 0 0 0 0 0 0
0 0 0 0 0 0 0 0 0
0 0 8 0 0 0 0 0 0
0 0 1 0 6 0 0 3 0
0 0 0 0 0 0 4 0 0
9 2 7 0 0 0 0 0 0
3 6 0 0 0 0 7 0 0
Restrictions
1 2 2 2
2 8 1 8
2 3 3 3
3 4 2 4
2 5 3 5
4 4 3 4
5 2 6 2
6 2 7 2
7 9 6 9
7 5 8 5
7 7 8 7
9 4 8 4
8 5 9 5
1 2 1 3
1 4 1 5
1 5 1 6
1 6 1 7
2 2 2 3
2 4 2 3
3 2 3 1
3 6 3 7
3 9 3 8
4 8 4 9
5 7 5 8
5 8 5 9
6 7 6 6
6 8 6 7
8 3 8 4
8 9 8 8
9 3 9 4
9 5 9 4
9 6 9 5

94
Tab
0 0 0 7 0 0 0 0 0
0 1 0 3 0 0 0 0 0
0 0 0 0 0 0 0 0 0
0 0 0 0 0 0 0 0 0
0 0 0 0 0 0 0 0 0
0 0 0 0 0 0 0 0 0
0 0 0 0 0 0 0 0 0
0 0 0 0 6 0 0 0 0
0 0 0 0 0 0 0 0 0
Restrictions
1 3 2 3
1 9 2 9
2 5 3 5
3 7 2 7
4 3 3 3
4 7 3 7
4 5 5 5
6 1 5 1
6 4 5 4
5 5 6 5
6 3 7 3
6 4 7 4
7 8 6 8
7 1 8 1
8 2 7 2
7 7 8 7
8 4 9 4
9 9 8 9
1 1 1 2
1 2 1 3
1 6 1 5
1 7 1 6
2 6 2 5
2 9 2 8
3 2 3 1
3 3 3 2
3 9 3 8
4 2 4 3
4 3 4 4
4 6 4 5
4 9 4 8
5 1 5 2
5 4 5 3
5 7 5 8
6 5 6 4
6 6 6 5
6 7 6 8
7 9 7 8
8 3 8 4
9 3 9 2
9 4 9 3
9 7 9 8

95
Tab
0 0 0 0 0 0 0 0 6
0 0 0 0 0 0 0 5 8
0 6 0 2 0 0 0 0 0
0 0 0 6 5 0 0 0 0
0 0 0 0 0 0 0 0 0
0 0 0 0 0 0 0 0 0
0 0 0 0 0 0 0 0 0
0 0 0 0 0 0 0 0 0
8 0 0 0 0 6 0 0 0
Restrictions
1 1 2 1
2 5 1 5
2 1 3 1
3 2 2 2
3 5 2 5
2 9 3 9
3 1 4 1
4 6 3 6
3 7 4 7
4 1 5 1
6 2 5 2
6 8 5 8
5 9 6 9
7 2 6 2
6 5 7 5
6 9 7 9
8 1 7 1
7 2 8 2
8 6 7 6
8 8 7 8
8 9 7 9
9 5 8 5
9 8 8 8
9 9 8 9
1 4 1 3
1 7 1 8
2 6 2 7
3 7 3 8
4 3 4 2
4 8 4 7
5 6 5 5
5 6 5 7
6 6 6 7
6 9 6 8
7 3 7 2
7 6 7 7
7 8 7 9
8 5 8 4
9 5 9 6

96
Tab
0 0 0 0 0 0 0 0 0
0 0 0 0 0 0 0 0 0
0 0 0 0 0 0 0 0 0
0 0 0 0 0 0 0 0 0
0 0 0 0 0 0 0 0 0
0 0 0 0 0 0 0 0 0
0 0 0 0 9 0 0 0 0
0 0 0 4 0 0 0 0 0
0 0 0 2 0 0 0 0 0
Restrictions
1 2 2 2
2 4 1 4
2 5 1 5
1 8 2 8
4 1 3 1
4 7 3 7
3 8 4 8
5 1 4 1
5 4 4 4
4 7 5 7
4 8 5 8
6 2 5 2
6 4 5 4
5 6 6 6
6 1 7 1
7 2 6 2
7 1 8 1
8 9 7 9
8 1 9 1
8 7 9 7
8 8 9 8
1 2 1 1
1 4 1 5
1 7 1 8
2 2 2 1
2 6 2 5
2 6 2 7
4 2 4 3
4 3 4 4
4 4 4 5
4 6 4 7
5 6 5 5
6 3 6 4
6 6 6 5
6 6 6 7
7 8 7 9
8 3 8 4
8 4 8 5
8 6 8 7
9 2 9 3
9 4 9 5
9 7 9 6

97
Tab
0 0 0 0 0 0 0 0 0
0 0 7 0 0 0 0 0 0
0 4 0 0 0 0 0 0 0
0 5 0 0 0 9 0 0 0
0 0 0 3 0 1 0 0 0
0 0 0 0 0 3 0 0 0
0 0 0 0 0 0 0 0 0
0 0 0 0 0 0 0 0 0
1 0 0 0 0 0 0 4 7
Restrictions
1 5 2 5
1 9 2 9
4 7 3 7
5 2 4 2
5 9 4 9
6 4 7 4
6 5 7 5
7 6 6 6
6 8 7 8
8 7 7 7
8 8 7 8
8 2 9 2
9 8 8 8
1 3 1 4
2 7 2 8
3 2 3 3
3 6 3 5
3 7 3 8
3 8 3 9
4 2 4 1
4 3 4 2
4 5 4 4
6 5 6 4
6 6 6 5
6 9 6 8
7 2 7 3
7 8 7 9
9 6 9 5

98
Tab
0 0 0 2 0 3 0 0 0
7 0 0 0 0 0 0 0 0
0 0 0 0 0 0 0 0 7
0 0 0 0 0 0 5 0 0
6 0 0 0 0 0 0 0 0
0 0 5 0 0 0 0 0 0
0 4 0 0 0 0 0 0 0
0 0 0 5 0 8 0 0 0
0 0 0 0 0 0 0 0 0
Restrictions
1 4 2 4
2 9 1 9
2 1 3 1
2 3 3 3
3 5 2 5
3 1 4 1
4 2 3 2
4 4 3 4
4 6 3 6
5 3 4 3
4 9 5 9
7 2 6 2
7 3 6 3
6 5 7 5
7 6 6 6
7 1 8 1
9 6 8 6
9 7 8 7
9 9 8 9
1 1 1 2
2 1 2 2
2 7 2 6
3 7 3 8
4 3 4 2
5 8 5 9
6 6 6 5
6 6 6 7
8 3 8 4
8 5 8 4
8 7 8 6
8 8 8 7
8 9 8 8
9 5 9 4
9 5 9 6

99
Tab
0 0 0 0 0 0 0 0 0
0 0 0 0 0 0 0 0 0
0 0 0 0 0 0 0 1 0
0 0 4 0 0 0 0 0 0
3 8 0 5 0 0 0 0 0
0 3 0 0 0 0 0 0 0
8 0 0 3 0 0 0 0 0
0 0 0 7 0 0 0 0 0
0 4 5 0 0 0 0 0 0
Restrictions
1 2 2 2
2 4 1 4
3 1 2 1
2 4 3 4
2 5 3 5
3 9 2 9
3 6 4 6
6 4 5 4
5 9 6 9
7 6 6 6
7 5 8 5
7 9 8 9
8 6 9 6
8 8 9 8
9 9 8 9
1 2 1 1
1 5 1 6
1 9 1 8
2 2 2 3
3 5 3 6
4 2 4 3
4 4 4 3
4 5 4 6
4 9 4 8
5 5 5 4
5 7 5 8
6 2 6 1
6 4 6 3
6 8 6 9
7 2 7 3
8 3 8 4
8 5 8 4
8 6 8 5
8 7 8 6
9 2 9 1
9 4 9 5
9 8 9 7
9 8 9 9

